00-04: 10 00 00 00
00-05: 06 00 00 00



00-00: 2D 00 00 00
00-05: 05 00 00 00

070B

00-00: 0B 07 00 00
00-05: 05 00 00 00

00-00: 90 06 00 00
00-05: 05 00 00 00

00-00: 3D 00 00 00
00-05: 05 00 00 00


00-00: 23 05 00 00
00-05: 05 00 00 00

00-00: C1 01 00 00
00-05: 05 00 00 00

00-00: D5 04 00 00
00-05: 05 00 00 00

00-00: 6D 03 00 00
00-05: 05 00 00 00



00-00: A7 07 00 00
00-05: 05 00 00 00

00-00: AA 01 00 00
00-05: 05 00 00 00

00-00: 09 03 00 00
00-05: 05 00 00 00

00-00: 03 03 00 00
00-05: 05 00 00 00



00-00: 38 00 00 00
00-05: 05 00 00 00

00-00: AB 00 00 00
00-05: 05 00 00 00

00-00: DD 07 00 00
00-05: 05 00 00 00

00-00: F6 07 00 00
00-05: 05 00 00 00


176 nodes saved
this is supernode!
